1696429548862 0.6302000284194946 0
1696429582881 0.6349666714668274 1
1696429615838 0.635200023651123 2
1696429649128 0.5715166926383972 3
1696429682370 0.5575000047683716 4
1696429715573 0.5567166805267334 5
1696429748808 0.5558000206947327 6
1696429782121 0.5568000078201294 7
1696429815604 0.5574333071708679 8
1696429849165 0.5567666888237 9
1696429883141 0.5561833381652832 10
1696429916904 0.5557666420936584 11
1696429951407 0.5561833381652832 12
1696429986707 0.5562499761581421 13
1696430020098 0.5558666586875916 14
1696430053804 0.5562333464622498 15
1696430088671 0.5560666918754578 16
1696430122262 0.5554333329200745 17
1696430156156 0.5558333396911621 18
1696430190592 0.5550666451454163 19
