1696429548862 0.783083975315094 0
1696429582881 0.7989283800125122 1
1696429615838 0.720800518989563 2
1696429649128 0.9357313513755798 3
1696429682370 0.863928496837616 4
1696429715573 0.8715753555297852 5
1696429748808 0.9049567580223083 6
1696429782121 0.8683351874351501 7
1696429815604 0.8668131232261658 8
1696429849165 0.8700335025787354 9
1696429883141 0.8902931809425354 10
1696429916904 0.8639633655548096 11
1696429951407 0.8638386130332947 12
1696429986707 0.8636499643325806 13
1696430020098 0.8637417554855347 14
1696430053804 0.8635168075561523 15
1696430088671 0.8635042905807495 16
1696430122262 0.8636031746864319 17
1696430156156 0.8635746240615845 18
1696430190592 0.8634935021400452 19
