1696429548862 1.0253502130508423 0
1696429582881 1.005713701248169 1
1696429615838 0.999455451965332 2
1696429649128 1.112070918083191 3
1696429682370 1.1326346397399902 4
1696429715573 1.132362961769104 5
1696429748808 1.129427433013916 6
1696429782121 1.126927137374878 7
1696429815604 1.1257094144821167 8
1696429849165 1.1253327131271362 9
1696429883141 1.123753309249878 10
1696429916904 1.1231329441070557 11
1696429951407 1.1229578256607056 12
1696429986707 1.121379017829895 13
1696430020098 1.120963454246521 14
1696430053804 1.1204193830490112 15
1696430088671 1.1187204122543335 16
1696430122262 1.1184630393981934 17
1696430156156 1.1168406009674072 18
1696430190592 1.1148642301559448 19
